image_width: 640
image_height: 480
camera_name: camera
camera_matrix:
  rows: 3
  cols: 3
  data: [501.891332, 0.0, 320.248967, 0.0, 501.881653, 241.472022, 0.0, 0.0, 1.0]
distortion_model: plumb_bob
distortion_coefficients:
  rows: 1
  cols: 5
  data: [0.143884, -0.218472, 0.002627, 0.000327, 0.0]
rectification_matrix:
  rows: 3
  cols: 3
  data: [1.0, 0.0, 0.0, 0.0, 1.0, 0.0, 0.0, 0.0, 1.0]
projection_matrix:
  rows: 3
  cols: 4
  data: [513.513062, 0.0, 320.453307, 0.0, 0.0, 513.808960, 242.454803, 0.0, 0.0, 0.0, 1.0, 0.0]
